--
(103,45,115)
-
(0,0) (135,73,108)
(0,2) (96,52,133)
(0,3) (100,48,135)
(0,4) (142,43,94)
(0,6) (70,31,95)
(1,0) (153,52,117)
(1,1) (157,74,114)
(1,2) (82,56,118)
(1,8) (95,40,120)
(1,10) (84,31,136)
(2,0) (73,50,112)
(2,4) (123,54,100)
(2,7) (93,37,112)
(2,8) (123,39,122)
(3,6) (145,39,122)
(3,7) (69,40,111)
(4,0) (136,52,97)
(4,3) (80,15,140)
(4,6) (65,59,118)
(4,7) (132,69,114)
(4,9) (100,26,110)
(5,1) (93,15,113)
(5,6) (137,44,128)
(5,8) (90,56,112)
(5,9) (98,44,105)
(5,10) (123,49,123)
(6,5) (97,45,107)
(6,7) (150,76,134)
(6,10) (57,36,99)
(7,2) (124,40,120)
(7,8) (61,32,139)
(7,10) (58,43,121)
(8,0) (81,47,97)
(8,1) (88,20,105)
(8,4) (81,54,103)
(8,5) (76,17,118)
(9,0) (157,37,104)
(9,1) (132,77,104)
(9,3) (71,49,133)
--
(160,216,205)
-
(2,1) (158,231,191)
(2,3) (137,219,204)
(3,2) (168,197,217)
(3,4) (157,204,205)
(3,8) (136,234,199)
(4,1) (141,229,216)
(4,2) (175,209,200)
(5,3) (174,228,191)
(5,5) (164,237,224)
(5,7) (170,216,202)
(6,3) (171,232,202)
(6,6) (156,198,196)
(7,0) (158,227,194)
(7,4) (164,198,183)
(7,9) (175,202,216)
(8,8) (174,219,198)
(8,9) (160,209,223)
(8,10) (137,214,219)
(9,2) (175,202,216)
--
(31,110,56)
-
(0,1) (27,82,97)
(0,5) (31,110,47)
(0,7) (27,114,30)
(0,8) (38,112,77)
(0,9) (26,88,89)
(0,10) (34,106,27)
(1,3) (30,140,20)
(1,4) (37,143,38)
(1,5) (40,82,64)
(1,6) (24,114,84)
(1,7) (23,90,73)
(1,9) (21,81,73)
(2,2) (53,114,97)
(2,5) (36,99,71)
(2,6) (46,141,37)
(2,9) (35,113,27)
(2,10) (22,84,70)
(3,0) (17,128,23)
(3,1) (34,132,45)
(3,3) (26,128,38)
(3,5) (28,83,67)
(3,9) (14,132,35)
(3,10) (38,107,38)
(4,4) (41,97,95)
(4,5) (38,107,67)
(4,8) (31,116,65)
(4,10) (27,128,21)
(5,0) (34,84,92)
(5,2) (27,110,28)
(5,4) (54,89,72)
(6,0) (48,97,93)
(6,1) (21,110,84)
(6,2) (21,109,14)
(6,4) (29,130,37)
(6,8) (51,87,70)
(6,9) (42,111,86)
(7,1) (16,128,51)
(7,3) (22,91,85)
(7,5) (7,110,25)
(7,6) (31,134,52)
(7,7) (5,123,51)
(8,2) (39,132,48)
(8,3) (34,111,68)
(8,6) (53,90,66)
(8,7) (40,88,74)
(9,4) (42,143,24)
(9,5) (27,132,20)
